2.44954
5.54991
8.94917
12.04961
15.19927
18.40084
21.55112
21.64982
24.64952
24.74957
30.90033
30.99896
32.90368
35.99904
39.15036
42.24883
44.20350
47.29945
50.39856
52.74949
55.79939
58.94769
62.09798
64.25039
67.34889
69.99911
76.74832
78.04868
81.09993
84.25306
87.39906
94.54880
97.49814
100.59984
100.69885
103.74950
104.74838
107.84813
110.94928
113.99866
116.29762
118.64873
121.89855
125.24846
127.54881
130.74886
132.85237
134.89859
137.94801
140.19749
142.94853
146.00133
149.29855
150.49915
152.74998
153.89762
157.59900
161.39839
163.84944
164.84996
168.09866
169.09892
172.89806
176.54773
179.79832
182.89823
182.99854
186.24790
188.79856
190.74899
192.59792
195.70010
198.89943
201.44869
204.49749
207.59677
209.55136
215.84739
219.04854
221.59790
226.44733
226.54783
231.79757
237.64728
243.84798
243.94804
246.94871
251.09835
252.29832
252.39854
255.24876
255.34733
258.34746
258.44837
261.44759
264.64739
264.74811
267.29745
267.44741
269.24805
271.59780
273.59780
